+-+-+-+-+-+-+-+-+-+SECUENCIAS+-+-+-+-+-+-+-+-+-+
Secuencia 01: TCAAGCGTTAGAGAAGTCATTATGTGATAA
Secuencia 02: ATGGAAGCAATATCACTGAT
Matriz de alineamiento:
0 -2 -4 -6 -8 -10 -12 -14 -16 -18 -20 -22 -24 -26 -28 -30 -32 -34 -36 -38 -40 
-2 -1 -1 -3 -5 -7 -9 -11 -13 -15 -17 -19 -21 -23 -25 -27 -29 -31 -33 -35 -37 
-4 -3 -2 -2 -4 -6 -8 -10 -10 -12 -14 -16 -18 -20 -22 -24 -26 -28 -30 -32 -34 
-6 -3 -4 -3 -3 -3 -5 -7 -9 -9 -11 -13 -15 -17 -19 -21 -23 -25 -27 -29 -31 
-8 -5 -4 -5 -4 -2 -2 -4 -6 -8 -8 -10 -12 -14 -16 -18 -20 -22 -24 -26 -28 
-10 -7 -6 -3 -4 -4 -3 -1 -3 -5 -7 -9 -11 -13 -15 -17 -19 -21 -21 -23 -25 
-12 -9 -8 -5 -4 -5 -5 -3 0 -2 -4 -6 -8 -10 -12 -14 -16 -18 -20 -22 -24 
-14 -11 -10 -7 -4 -5 -6 -4 -2 -1 -3 -5 -7 -9 -11 -13 -15 -17 -17 -19 -21 
-16 -13 -10 -9 -6 -5 -6 -6 -4 -3 -2 -2 -4 -6 -8 -10 -12 -14 -16 -18 -18 
-18 -15 -12 -11 -8 -7 -6 -7 -6 -5 -4 -1 -3 -3 -5 -7 -9 -11 -13 -15 -17 
-20 -17 -14 -13 -10 -7 -6 -7 -8 -5 -4 -3 0 -2 -4 -4 -6 -8 -10 -12 -14 
-22 -19 -16 -13 -12 -9 -8 -5 -7 -7 -6 -5 -2 -1 -3 -5 -5 -7 -7 -9 -11 
-24 -21 -18 -15 -14 -11 -8 -7 -6 -6 -6 -7 -4 -3 -2 -2 -4 -6 -8 -6 -8 
-26 -23 -20 -17 -14 -13 -10 -7 -8 -7 -7 -7 -6 -5 -4 -3 -3 -5 -5 -7 -7 
-28 -25 -22 -19 -16 -13 -12 -9 -8 -7 -6 -8 -6 -7 -6 -3 -4 -4 -6 -4 -6 
-30 -27 -24 -21 -18 -15 -12 -11 -10 -7 -6 -7 -7 -7 -8 -5 -4 -5 -5 -5 -5 
-32 -29 -26 -23 -20 -17 -14 -11 -12 -9 -8 -7 -8 -8 -8 -7 -6 -5 -4 -6 -6 
-34 -31 -28 -25 -22 -19 -16 -13 -12 -11 -10 -7 -8 -7 -9 -9 -8 -5 -6 -5 -5 
-36 -33 -30 -27 -24 -21 -18 -15 -12 -13 -12 -9 -8 -9 -6 -8 -8 -7 -6 -7 -6 
-38 -35 -32 -29 -26 -23 -20 -17 -14 -11 -12 -11 -8 -9 -8 -5 -7 -9 -8 -5 -7 
-40 -37 -34 -31 -28 -25 -22 -19 -16 -13 -12 -11 -10 -7 -9 -7 -6 -6 -8 -7 -4 
-42 -39 -36 -33 -30 -27 -24 -21 -18 -15 -14 -11 -12 -9 -8 -9 -8 -5 -7 -9 -6 
-44 -41 -38 -35 -32 -29 -26 -23 -20 -17 -14 -13 -10 -11 -10 -7 -9 -7 -6 -6 -8 
-46 -43 -40 -37 -34 -31 -28 -25 -22 -19 -16 -13 -12 -9 -11 -9 -8 -8 -8 -7 -5 
-48 -45 -42 -39 -36 -33 -30 -27 -24 -21 -18 -15 -14 -11 -10 -11 -10 -9 -7 -9 -7 
-50 -47 -44 -41 -38 -35 -32 -29 -26 -23 -20 -17 -16 -13 -12 -11 -12 -9 -9 -8 -8 
-52 -49 -46 -43 -40 -37 -34 -31 -28 -25 -22 -19 -18 -15 -14 -13 -12 -11 -8 -10 -9 
-54 -51 -48 -45 -42 -39 -36 -33 -30 -27 -24 -21 -18 -17 -16 -13 -14 -13 -10 -7 -9 
-56 -53 -50 -47 -44 -41 -38 -35 -32 -29 -26 -23 -20 -17 -18 -15 -14 -13 -12 -9 -6 
-58 -55 -52 -49 -46 -43 -40 -37 -34 -31 -28 -25 -22 -19 -18 -17 -16 -15 -14 -11 -8 
-60 -57 -54 -51 -48 -45 -42 -39 -36 -33 -30 -27 -24 -21 -20 -17 -18 -17 -16 -13 -10 
Score: -10
Total alineaminetos: 10
Alineamientos óptimos:
TCAAGCGTTAGAGAAGTCATTATGTGATAA
--ATG-GA-AGC-AA-T-ATCAC-TGAT--

TCAAGCGTTAGAGAAGTCATTATGTGATAA
--ATG-G-AAGC-AA-T-ATCAC-TGAT--

TCAAGCGTTAGAGAAGTCATTATGTGATAA
--ATG-GA-AG-CAA-T-ATCAC-TGAT--

TCAAGCGTTAGAGAAGTCATTATGTGATAA
--ATG-G-AAG-CAA-T-ATCAC-TGAT--

TCAAGCGTTAGAGAAGTCATTATGTGATAA
--ATG-G--A-AGCAAT-ATCAC-TGAT--

TCAAGCGTTAGAGAAGTCATTATGTGATAA
--ATG-GA-AGC-AA-T-ATCA-CTGAT--

TCAAGCGTTAGAGAAGTCATTATGTGATAA
--ATG-G-AAGC-AA-T-ATCA-CTGAT--

TCAAGCGTTAGAGAAGTCATTATGTGATAA
--ATG-GA-AG-CAA-T-ATCA-CTGAT--

TCAAGCGTTAGAGAAGTCATTATGTGATAA
--ATG-G-AAG-CAA-T-ATCA-CTGAT--

TCAAGCGTTAGAGAAGTCATTATGTGATAA
--ATG-G--A-AGCAAT-ATCA-CTGAT--


Tiempo de ejecución: 689875 nanosegundos
