Secuencia 01: ATTAAAGGTTTATACCTTCC
Secuencia 02: ATGGAAGCAA
Matriz de alineamiento:
0 -2 -4 -6 -8 -10 -12 -14 -16 -18 -20
-2 1 -1 -3 -5 -7 -9 -11 -13 -15 -17
-4 -1 2 0 -2 -4 -6 -8 -10 -12 -14
-6 -3 0 1 -1 -3 -5 -7 -9 -11 -13
-8 -5 -2 -1 0 0 -2 -4 -6 -8 -10
-10 -7 -4 -3 -2 1 1 -1 -3 -5 -7
-12 -9 -6 -5 -4 -1 2 0 -2 -2 -4
-14 -11 -8 -5 -4 -3 0 3 1 -1 -3
-16 -13 -10 -7 -4 -5 -2 1 2 0 -2
-18 -15 -12 -9 -6 -5 -4 -1 0 1 -1
-20 -17 -14 -11 -8 -7 -6 -3 -2 -1 0
-22 -19 -16 -13 -10 -9 -8 -5 -4 -3 -2
-24 -21 -18 -15 -12 -9 -8 -7 -6 -3 -2
-26 -23 -20 -17 -14 -11 -10 -9 -8 -5 -4
-28 -25 -22 -19 -16 -13 -10 -11 -10 -7 -4
-30 -27 -24 -21 -18 -15 -12 -11 -10 -9 -6
-32 -29 -26 -23 -20 -17 -14 -13 -10 -11 -8
-34 -31 -28 -25 -22 -19 -16 -15 -12 -11 -10
-36 -33 -30 -27 -24 -21 -18 -17 -14 -13 -12
-38 -35 -32 -29 -26 -23 -20 -19 -16 -15 -14
-40 -37 -34 -31 -28 -25 -22 -21 -18 -17 -16
