0
10.387561       0
17.558267      20.305233       0
19.330544       24.120915     17.941590       0
8.961090      13.176571      16.932385      23.839085      0
28.789788     35.350279     40.157842      42.807043      26.501404        0
26.874964     27.862574      39.459878      35.569798      29.805982      32.249749       0
50.900427    56.444247       62.463870       64.637755      49.036852      23.603647     46.123421        0
11.312785       12.203479     14.361582      17.071826       12.948940       35.288888     26.240050     56.892871    0
5.896250      11.005102      17.345279       22.282908    6.363470         28.741118     29.904652     51.258910     13.007432      0
