0
26.501404       0
29.805982      32.249749      0
49.036852      23.603647     46.123421      0
12.948940       35.288888     26.240050     56.892871    0
6.363470         28.741118     29.904652     51.258910     13.007432    0
15.929019         40.678226   38.987677     62.303962    18.872831     14.899666     0
14.997788       19.701881      29.010656    41.589042     20.374433    15.514851     29.461432     0
17.482562        39.391362    42.544815     62.279761      19.881574     14.575890    17.606908     23.104300      0
11.334939       37.332937    35.250792    59.674767      12.356784     11.842025    9.025217       24.607014      15.527966     0
